#Cloud I(mKRJ)(stat)(sys)  Q       (stat)  (sys)  U    (stat)(sys)  l      b  A(deg^2)p(%)(stat)(sys)theta(deg)(stat)(sys) RA  DEC
#0      1.018 0.015   0.085  -0.057  0.021  0.001  0.111 0.017 0.008 103.0  1.8  5.9   12.1  1.8  1.8  59  4.7   1.0  332.47  58.275
1      0.562 0.014   0.090  -0.115  0.019  0.001  0.052 0.016 0.003 105.8  0.6  7.3   22.2  3.4  4.0  78  3.7   0.8  338.22  58.785
2      1.498 0.011   0.105  -0.004  0.014  0.007  0.113 0.013 0.014 109.7  2.1  8.8    7.5  0.9  1.5  46  3.6   2.0  343.76  61.944
3      0.419 0.021   0.111   0.100  0.028  0.013 -0.018 0.027 0.009 113.2 -2.7  2.9   23.3  6.5  9.7 175  7.5   3.2  353.88  58.730
#4      0.994 0.023   0.075  -0.125  0.029  0.015  0.015 0.029 0.010 113.6 -1.2  2.3   12.3  2.8  2.6  87  6.7   2.8  353.77  60.281
#5      0.820 0.011   0.113  -0.135  0.014  0.010  0.005 0.015 0.005 115.0  2.4  5.9   16.3  1.7  3.5  89  3.2   1.1  354.44  64.131
#6      0.698 0.004   0.055  -0.059  0.005  0.013  0.011 0.006 0.004 193.0  0.0  21.6   8.5  0.7  2.6  85  2.8   3.1  93.471  17.662
#7      0.409 0.010   0.039  -0.023  0.014  0.002 -0.010 0.013 0.005 159.3 -20.1 18.5   5.3  3.1  1.5 101 13.6   6.3  53.417  31.084
#8      0.271 0.006   0.065  -0.001  0.009  0.002 -0.021 0.008 0.006 165.6 -9.0  50.1   7.2  2.8  4.1 133 11.5   3.8  67.765  35.101
#9      0.473 0.009   0.080   0.001  0.013  0.003  0.001 0.011 0.008 174.4 -13.6 21.0    -1   -1 -3.4  23 16.0  104.7 70.307  25.572
