# Approximation to a single EBEX focalplane, including locations of unpowered detectors
# Created by:
#  Sam (leach@sissa.it) 6 June 2007
# Modifications:
#   28 June 2007: Flag detectors (8,7) to zero (mounting screws)
#   23 August 2008: Detector spacing is 8 arcmin on sky
#   22 September 2008: Detector spacing is 11.6 arcmin
# 
# References:
#  Decagon_wafer_focal_plane_layout.pdf
#  Detector_layout.pdf
#  Email SH to SL (24/08/06) - detector spacing.
# 
# General information:
#  Boresight: wafer 7, row 8, number 7
#  Inter-detector spacing: 11.600000 arcmin
# 
# 
# Col 1: Detector index (1--987)
# Col 2: Wafer number (1--7)
# Col 3: Row number (1--14)
# Col 4: Detector index within row (max value is 13, row dependent)
# Col 5: Detector azimith [radians]
# Col 6: Detector elevation [radians]
# Col 7: Channel name [150/250/410]
# Col 8: Flag if detector is powered or not [1/0]
# 
# 
# Detectors flagged as 0: Row 7 number 1 for all wafers (alignment marker).
#                         Row 8 number 7 for all wafers (mounting screw).
#                         All detectors outside 0.9 Strehl ratio radius of 3.033333 degrees from boresight.
# 
   1 1  1  1 +2.045563e-02 +1.855867e-02 250 1
   2 1  1  2 +1.753339e-02 +2.024582e-02 250 1
   3 1  1  3 +1.461116e-02 +2.193297e-02 250 1
   4 1  1  4 +1.168893e-02 +2.362012e-02 250 1
   5 1  1  5 +8.766697e-03 +2.530727e-02 250 1
   6 1  1  6 +5.844465e-03 +2.699443e-02 250 1
   7 1  2  1 +2.630009e-02 +1.855867e-02 250 1
   8 1  2  2 +2.337786e-02 +2.024582e-02 250 1
   9 1  2  3 +2.045563e-02 +2.193297e-02 250 1
  10 1  2  4 +1.753339e-02 +2.362012e-02 250 1
  11 1  2  5 +1.461116e-02 +2.530727e-02 250 1
  12 1  2  6 +1.168893e-02 +2.699443e-02 250 1
  13 1  2  7 +8.766697e-03 +2.868158e-02 250 1
  14 1  2  8 +5.844465e-03 +3.036873e-02 250 1
  15 1  2  9 +2.922232e-03 +3.205588e-02 250 1
  16 1  3  1 +2.922232e-02 +2.024582e-02 250 1
  17 1  3  2 +2.630009e-02 +2.193297e-02 250 1
  18 1  3  3 +2.337786e-02 +2.362012e-02 250 1
  19 1  3  4 +2.045563e-02 +2.530727e-02 250 1
  20 1  3  5 +1.753339e-02 +2.699443e-02 250 1
  21 1  3  6 +1.461116e-02 +2.868158e-02 250 1
  22 1  3  7 +1.168893e-02 +3.036873e-02 250 1
  23 1  3  8 +8.766697e-03 +3.205588e-02 250 1
  24 1  3  9 +5.844465e-03 +3.374303e-02 250 1
  25 1  3 10 +2.922232e-03 +3.543018e-02 250 1
  26 1  4  1 +3.214456e-02 +2.193297e-02 250 1
  27 1  4  2 +2.922232e-02 +2.362012e-02 250 1
  28 1  4  3 +2.630009e-02 +2.530727e-02 250 1
  29 1  4  4 +2.337786e-02 +2.699443e-02 250 1
  30 1  4  5 +2.045563e-02 +2.868158e-02 250 1
  31 1  4  6 +1.753339e-02 +3.036873e-02 250 1
  32 1  4  7 +1.461116e-02 +3.205588e-02 250 1
  33 1  4  8 +1.168893e-02 +3.374303e-02 250 1
  34 1  4  9 +8.766697e-03 +3.543018e-02 250 1
  35 1  4 10 +5.844465e-03 +3.711734e-02 250 1
  36 1  4 11 +2.922232e-03 +3.880449e-02 250 1
  37 1  5  1 +3.506679e-02 +2.362012e-02 250 1
  38 1  5  2 +3.214456e-02 +2.530727e-02 250 1
  39 1  5  3 +2.922232e-02 +2.699443e-02 250 1
  40 1  5  4 +2.630009e-02 +2.868158e-02 250 1
  41 1  5  5 +2.337786e-02 +3.036873e-02 250 1
  42 1  5  6 +2.045563e-02 +3.205588e-02 250 1
  43 1  5  7 +1.753339e-02 +3.374303e-02 250 1
  44 1  5  8 +1.461116e-02 +3.543018e-02 250 1
  45 1  5  9 +1.168893e-02 +3.711734e-02 250 1
  46 1  5 10 +8.766697e-03 +3.880449e-02 250 1
  47 1  5 11 +5.844465e-03 +4.049164e-02 250 1
  48 1  5 12 +2.922232e-03 +4.217879e-02 250 1
  49 1  6  1 +3.798902e-02 +2.530727e-02 250 1
  50 1  6  2 +3.506679e-02 +2.699443e-02 250 1
  51 1  6  3 +3.214456e-02 +2.868158e-02 250 1
  52 1  6  4 +2.922232e-02 +3.036873e-02 250 1
  53 1  6  5 +2.630009e-02 +3.205588e-02 250 1
  54 1  6  6 +2.337786e-02 +3.374303e-02 250 1
  55 1  6  7 +2.045563e-02 +3.543018e-02 250 1
  56 1  6  8 +1.753339e-02 +3.711734e-02 250 1
  57 1  6  9 +1.461116e-02 +3.880449e-02 250 1
  58 1  6 10 +1.168893e-02 +4.049164e-02 250 1
  59 1  6 11 +8.766697e-03 +4.217879e-02 250 1
  60 1  6 12 +5.844465e-03 +4.386594e-02 250 1
  61 1  6 13 +2.922232e-03 +4.555309e-02 250 1
  62 1  7  1 +3.798902e-02 +2.868158e-02 250 0
  63 1  7  2 +3.506679e-02 +3.036873e-02 250 1
  64 1  7  3 +3.214456e-02 +3.205588e-02 250 1
  65 1  7  4 +2.922232e-02 +3.374303e-02 250 1
  66 1  7  5 +2.630009e-02 +3.543018e-02 250 1
  67 1  7  6 +2.337786e-02 +3.711734e-02 250 1
  68 1  7  7 +2.045563e-02 +3.880449e-02 250 1
  69 1  7  8 +1.753339e-02 +4.049164e-02 250 1
  70 1  7  9 +1.461116e-02 +4.217879e-02 250 1
  71 1  7 10 +1.168893e-02 +4.386594e-02 250 1
  72 1  7 11 +8.766697e-03 +4.555309e-02 250 1
  73 1  7 12 +5.844465e-03 +4.724024e-02 250 1
  74 1  8  1 +4.091125e-02 +3.036873e-02 250 1
  75 1  8  2 +3.798902e-02 +3.205588e-02 250 1
  76 1  8  3 +3.506679e-02 +3.374303e-02 250 1
  77 1  8  4 +3.214456e-02 +3.543018e-02 250 1
  78 1  8  5 +2.922232e-02 +3.711734e-02 250 1
  79 1  8  6 +2.630009e-02 +3.880449e-02 250 1
  80 1  8  7 +2.337786e-02 +4.049164e-02 250 0
  81 1  8  8 +2.045563e-02 +4.217879e-02 250 1
  82 1  8  9 +1.753339e-02 +4.386594e-02 250 1
  83 1  8 10 +1.461116e-02 +4.555309e-02 250 1
  84 1  8 11 +1.168893e-02 +4.724024e-02 250 1
  85 1  8 12 +8.766697e-03 +4.892740e-02 250 1
  86 1  8 13 +5.844465e-03 +5.061455e-02 250 1
  87 1  9  1 +4.091125e-02 +3.374303e-02 250 0
  88 1  9  2 +3.798902e-02 +3.543018e-02 250 1
  89 1  9  3 +3.506679e-02 +3.711734e-02 250 1
  90 1  9  4 +3.214456e-02 +3.880449e-02 250 1
  91 1  9  5 +2.922232e-02 +4.049164e-02 250 1
  92 1  9  6 +2.630009e-02 +4.217879e-02 250 1
  93 1  9  7 +2.337786e-02 +4.386594e-02 250 1
  94 1  9  8 +2.045563e-02 +4.555309e-02 250 1
  95 1  9  9 +1.753339e-02 +4.724024e-02 250 1
  96 1  9 10 +1.461116e-02 +4.892740e-02 250 1
  97 1  9 11 +1.168893e-02 +5.061455e-02 250 1
  98 1  9 12 +8.766697e-03 +5.230170e-02 250 0
  99 1 10  1 +4.091125e-02 +3.711734e-02 250 0
 100 1 10  2 +3.798902e-02 +3.880449e-02 250 0
 101 1 10  3 +3.506679e-02 +4.049164e-02 250 0
 102 1 10  4 +3.214456e-02 +4.217879e-02 250 0
 103 1 10  5 +2.922232e-02 +4.386594e-02 250 1
 104 1 10  6 +2.630009e-02 +4.555309e-02 250 1
 105 1 10  7 +2.337786e-02 +4.724024e-02 250 1
 106 1 10  8 +2.045563e-02 +4.892740e-02 250 0
 107 1 10  9 +1.753339e-02 +5.061455e-02 250 0
 108 1 10 10 +1.461116e-02 +5.230170e-02 250 0
 109 1 10 11 +1.168893e-02 +5.398885e-02 250 0
 110 1 11  1 +4.091125e-02 +4.049164e-02 250 0
 111 1 11  2 +3.798902e-02 +4.217879e-02 250 0
 112 1 11  3 +3.506679e-02 +4.386594e-02 250 0
 113 1 11  4 +3.214456e-02 +4.555309e-02 250 0
 114 1 11  5 +2.922232e-02 +4.724024e-02 250 0
 115 1 11  6 +2.630009e-02 +4.892740e-02 250 0
 116 1 11  7 +2.337786e-02 +5.061455e-02 250 0
 117 1 11  8 +2.045563e-02 +5.230170e-02 250 0
 118 1 11  9 +1.753339e-02 +5.398885e-02 250 0
 119 1 11 10 +1.461116e-02 +5.567600e-02 250 0
 120 1 12  1 +4.091125e-02 +4.386594e-02 250 0
 121 1 12  2 +3.798902e-02 +4.555309e-02 250 0
 122 1 12  3 +3.506679e-02 +4.724024e-02 250 0
 123 1 12  4 +3.214456e-02 +4.892740e-02 250 0
 124 1 12  5 +2.922232e-02 +5.061455e-02 250 0
 125 1 12  6 +2.630009e-02 +5.230170e-02 250 0
 126 1 12  7 +2.337786e-02 +5.398885e-02 250 0
 127 1 12  8 +2.045563e-02 +5.567600e-02 250 0
 128 1 12  9 +1.753339e-02 +5.736315e-02 250 0
 129 1 13  1 +4.091125e-02 +4.724024e-02 250 0
 130 1 13  2 +3.798902e-02 +4.892740e-02 250 0
 131 1 13  3 +3.506679e-02 +5.061455e-02 250 0
 132 1 13  4 +3.214456e-02 +5.230170e-02 250 0
 133 1 13  5 +2.922232e-02 +5.398885e-02 250 0
 134 1 13  6 +2.630009e-02 +5.567600e-02 250 0
 135 1 13  7 +2.337786e-02 +5.736315e-02 250 0
 136 1 13  8 +2.045563e-02 +5.905031e-02 250 0
 137 1 14  1 +3.798902e-02 +5.230170e-02 250 0
 138 1 14  2 +3.506679e-02 +5.398885e-02 250 0
 139 1 14  3 +3.214456e-02 +5.567600e-02 250 0
 140 1 14  4 +2.922232e-02 +5.736315e-02 250 0
 141 1 14  5 +2.630009e-02 +5.905031e-02 250 0
 142 2  1  1 +2.630009e-02 -8.435758e-03 150 1
 143 2  1  2 +2.630009e-02 -5.061455e-03 150 1
 144 2  1  3 +2.630009e-02 -1.687152e-03 150 1
 145 2  1  4 +2.630009e-02 +1.687152e-03 150 1
 146 2  1  5 +2.630009e-02 +5.061455e-03 150 1
 147 2  1  6 +2.630009e-02 +8.435758e-03 150 1
 148 2  2  1 +2.922232e-02 -1.349721e-02 150 1
 149 2  2  2 +2.922232e-02 -1.012291e-02 150 1
 150 2  2  3 +2.922232e-02 -6.748606e-03 150 1
 151 2  2  4 +2.922232e-02 -3.374303e-03 150 1
 152 2  2  5 +2.922232e-02 +3.438468e-11 150 1
 153 2  2  6 +2.922232e-02 +3.374303e-03 150 1
 154 2  2  7 +2.922232e-02 +6.748606e-03 150 1
 155 2  2  8 +2.922232e-02 +1.012291e-02 150 1
 156 2  2  9 +2.922232e-02 +1.349721e-02 150 1
 157 2  3  1 +3.214456e-02 -1.518436e-02 150 1
 158 2  3  2 +3.214456e-02 -1.181006e-02 150 1
 159 2  3  3 +3.214456e-02 -8.435758e-03 150 1
 160 2  3  4 +3.214456e-02 -5.061455e-03 150 1
 161 2  3  5 +3.214456e-02 -1.687152e-03 150 1
 162 2  3  6 +3.214456e-02 +1.687152e-03 150 1
 163 2  3  7 +3.214456e-02 +5.061455e-03 150 1
 164 2  3  8 +3.214456e-02 +8.435758e-03 150 1
 165 2  3  9 +3.214456e-02 +1.181006e-02 150 1
 166 2  3 10 +3.214456e-02 +1.518436e-02 150 1
 167 2  4  1 +3.506679e-02 -1.687152e-02 150 1
 168 2  4  2 +3.506679e-02 -1.349721e-02 150 1
 169 2  4  3 +3.506679e-02 -1.012291e-02 150 1
 170 2  4  4 +3.506679e-02 -6.748606e-03 150 1
 171 2  4  5 +3.506679e-02 -3.374303e-03 150 1
 172 2  4  6 +3.506679e-02 +4.126162e-11 150 1
 173 2  4  7 +3.506679e-02 +3.374303e-03 150 1
 174 2  4  8 +3.506679e-02 +6.748606e-03 150 1
 175 2  4  9 +3.506679e-02 +1.012291e-02 150 1
 176 2  4 10 +3.506679e-02 +1.349721e-02 150 1
 177 2  4 11 +3.506679e-02 +1.687152e-02 150 1
 178 2  5  1 +3.798902e-02 -1.855867e-02 150 1
 179 2  5  2 +3.798902e-02 -1.518436e-02 150 1
 180 2  5  3 +3.798902e-02 -1.181006e-02 150 1
 181 2  5  4 +3.798902e-02 -8.435758e-03 150 1
 182 2  5  5 +3.798902e-02 -5.061455e-03 150 1
 183 2  5  6 +3.798902e-02 -1.687152e-03 150 1
 184 2  5  7 +3.798902e-02 +1.687152e-03 150 1
 185 2  5  8 +3.798902e-02 +5.061455e-03 150 1
 186 2  5  9 +3.798902e-02 +8.435758e-03 150 1
 187 2  5 10 +3.798902e-02 +1.181006e-02 150 1
 188 2  5 11 +3.798902e-02 +1.518436e-02 150 1
 189 2  5 12 +3.798902e-02 +1.855867e-02 150 1
 190 2  6  1 +4.091125e-02 -2.024582e-02 150 1
 191 2  6  2 +4.091125e-02 -1.687152e-02 150 1
 192 2  6  3 +4.091125e-02 -1.349721e-02 150 1
 193 2  6  4 +4.091125e-02 -1.012291e-02 150 1
 194 2  6  5 +4.091125e-02 -6.748606e-03 150 1
 195 2  6  6 +4.091125e-02 -3.374303e-03 150 1
 196 2  6  7 +4.091125e-02 +4.813855e-11 150 1
 197 2  6  8 +4.091125e-02 +3.374303e-03 150 1
 198 2  6  9 +4.091125e-02 +6.748606e-03 150 1
 199 2  6 10 +4.091125e-02 +1.012291e-02 150 1
 200 2  6 11 +4.091125e-02 +1.349721e-02 150 1
 201 2  6 12 +4.091125e-02 +1.687152e-02 150 1
 202 2  6 13 +4.091125e-02 +2.024582e-02 150 1
 203 2  7  1 +4.383348e-02 -1.855867e-02 150 0
 204 2  7  2 +4.383348e-02 -1.518436e-02 150 1
 205 2  7  3 +4.383348e-02 -1.181006e-02 150 1
 206 2  7  4 +4.383348e-02 -8.435758e-03 150 1
 207 2  7  5 +4.383348e-02 -5.061455e-03 150 1
 208 2  7  6 +4.383348e-02 -1.687152e-03 150 1
 209 2  7  7 +4.383348e-02 +1.687152e-03 150 1
 210 2  7  8 +4.383348e-02 +5.061455e-03 150 1
 211 2  7  9 +4.383348e-02 +8.435758e-03 150 1
 212 2  7 10 +4.383348e-02 +1.181006e-02 150 1
 213 2  7 11 +4.383348e-02 +1.518436e-02 150 1
 214 2  7 12 +4.383348e-02 +1.855867e-02 150 1
 215 2  8  1 +4.675572e-02 -2.024582e-02 150 1
 216 2  8  2 +4.675572e-02 -1.687152e-02 150 1
 217 2  8  3 +4.675572e-02 -1.349721e-02 150 1
 218 2  8  4 +4.675572e-02 -1.012291e-02 150 1
 219 2  8  5 +4.675572e-02 -6.748606e-03 150 1
 220 2  8  6 +4.675572e-02 -3.374303e-03 150 1
 221 2  8  7 +4.675572e-02 +5.501549e-11 150 0
 222 2  8  8 +4.675572e-02 +3.374303e-03 150 1
 223 2  8  9 +4.675572e-02 +6.748606e-03 150 1
 224 2  8 10 +4.675572e-02 +1.012291e-02 150 1
 225 2  8 11 +4.675572e-02 +1.349721e-02 150 1
 226 2  8 12 +4.675572e-02 +1.687152e-02 150 1
 227 2  8 13 +4.675572e-02 +2.024582e-02 150 1
 228 2  9  1 +4.967795e-02 -1.855867e-02 150 0
 229 2  9  2 +4.967795e-02 -1.518436e-02 150 1
 230 2  9  3 +4.967795e-02 -1.181006e-02 150 1
 231 2  9  4 +4.967795e-02 -8.435758e-03 150 1
 232 2  9  5 +4.967795e-02 -5.061455e-03 150 1
 233 2  9  6 +4.967795e-02 -1.687152e-03 150 1
 234 2  9  7 +4.967795e-02 +1.687152e-03 150 1
 235 2  9  8 +4.967795e-02 +5.061455e-03 150 1
 236 2  9  9 +4.967795e-02 +8.435758e-03 150 1
 237 2  9 10 +4.967795e-02 +1.181006e-02 150 1
 238 2  9 11 +4.967795e-02 +1.518436e-02 150 1
 239 2  9 12 +4.967795e-02 +1.855867e-02 150 0
 240 2 10  1 +5.260018e-02 -1.687152e-02 150 0
 241 2 10  2 +5.260018e-02 -1.349721e-02 150 0
 242 2 10  3 +5.260018e-02 -1.012291e-02 150 0
 243 2 10  4 +5.260018e-02 -6.748606e-03 150 0
 244 2 10  5 +5.260018e-02 -3.374303e-03 150 1
 245 2 10  6 +5.260018e-02 +6.189242e-11 150 1
 246 2 10  7 +5.260018e-02 +3.374303e-03 150 1
 247 2 10  8 +5.260018e-02 +6.748606e-03 150 0
 248 2 10  9 +5.260018e-02 +1.012291e-02 150 0
 249 2 10 10 +5.260018e-02 +1.349721e-02 150 0
 250 2 10 11 +5.260018e-02 +1.687152e-02 150 0
 251 2 11  1 +5.552241e-02 -1.518436e-02 150 0
 252 2 11  2 +5.552241e-02 -1.181006e-02 150 0
 253 2 11  3 +5.552241e-02 -8.435758e-03 150 0
 254 2 11  4 +5.552241e-02 -5.061455e-03 150 0
 255 2 11  5 +5.552241e-02 -1.687152e-03 150 0
 256 2 11  6 +5.552241e-02 +1.687152e-03 150 0
 257 2 11  7 +5.552241e-02 +5.061455e-03 150 0
 258 2 11  8 +5.552241e-02 +8.435758e-03 150 0
 259 2 11  9 +5.552241e-02 +1.181006e-02 150 0
 260 2 11 10 +5.552241e-02 +1.518436e-02 150 0
 261 2 12  1 +5.844465e-02 -1.349721e-02 150 0
 262 2 12  2 +5.844465e-02 -1.012291e-02 150 0
 263 2 12  3 +5.844465e-02 -6.748606e-03 150 0
 264 2 12  4 +5.844465e-02 -3.374303e-03 150 0
 265 2 12  5 +5.844465e-02 +6.876937e-11 150 0
 266 2 12  6 +5.844465e-02 +3.374303e-03 150 0
 267 2 12  7 +5.844465e-02 +6.748606e-03 150 0
 268 2 12  8 +5.844465e-02 +1.012291e-02 150 0
 269 2 12  9 +5.844465e-02 +1.349721e-02 150 0
 270 2 13  1 +6.136688e-02 -1.181006e-02 150 0
 271 2 13  2 +6.136688e-02 -8.435758e-03 150 0
 272 2 13  3 +6.136688e-02 -5.061455e-03 150 0
 273 2 13  4 +6.136688e-02 -1.687152e-03 150 0
 274 2 13  5 +6.136688e-02 +1.687152e-03 150 0
 275 2 13  6 +6.136688e-02 +5.061455e-03 150 0
 276 2 13  7 +6.136688e-02 +8.435758e-03 150 0
 277 2 13  8 +6.136688e-02 +1.181006e-02 150 0
 278 2 14  1 +6.428911e-02 -6.748606e-03 150 0
 279 2 14  2 +6.428911e-02 -3.374303e-03 150 0
 280 2 14  3 +6.428911e-02 +7.564630e-11 150 0
 281 2 14  4 +6.428911e-02 +3.374303e-03 150 0
 282 2 14  5 +6.428911e-02 +6.748606e-03 150 0
 283 3  1  1 +5.844465e-03 -2.699443e-02 150 1
 284 3  1  2 +8.766697e-03 -2.530727e-02 150 1
 285 3  1  3 +1.168893e-02 -2.362012e-02 150 1
 286 3  1  4 +1.461116e-02 -2.193297e-02 150 1
 287 3  1  5 +1.753339e-02 -2.024582e-02 150 1
 288 3  1  6 +2.045563e-02 -1.855867e-02 150 1
 289 3  2  1 +2.922232e-03 -3.205588e-02 150 1
 290 3  2  2 +5.844465e-03 -3.036873e-02 150 1
 291 3  2  3 +8.766697e-03 -2.868158e-02 150 1
 292 3  2  4 +1.168893e-02 -2.699443e-02 150 1
 293 3  2  5 +1.461116e-02 -2.530727e-02 150 1
 294 3  2  6 +1.753339e-02 -2.362012e-02 150 1
 295 3  2  7 +2.045563e-02 -2.193297e-02 150 1
 296 3  2  8 +2.337786e-02 -2.024582e-02 150 1
 297 3  2  9 +2.630009e-02 -1.855867e-02 150 1
 298 3  3  1 +2.922232e-03 -3.543018e-02 150 1
 299 3  3  2 +5.844465e-03 -3.374303e-02 150 1
 300 3  3  3 +8.766697e-03 -3.205588e-02 150 1
 301 3  3  4 +1.168893e-02 -3.036873e-02 150 1
 302 3  3  5 +1.461116e-02 -2.868158e-02 150 1
 303 3  3  6 +1.753339e-02 -2.699443e-02 150 1
 304 3  3  7 +2.045563e-02 -2.530727e-02 150 1
 305 3  3  8 +2.337786e-02 -2.362012e-02 150 1
 306 3  3  9 +2.630009e-02 -2.193297e-02 150 1
 307 3  3 10 +2.922232e-02 -2.024582e-02 150 1
 308 3  4  1 +2.922232e-03 -3.880449e-02 150 1
 309 3  4  2 +5.844465e-03 -3.711734e-02 150 1
 310 3  4  3 +8.766697e-03 -3.543018e-02 150 1
 311 3  4  4 +1.168893e-02 -3.374303e-02 150 1
 312 3  4  5 +1.461116e-02 -3.205588e-02 150 1
 313 3  4  6 +1.753339e-02 -3.036873e-02 150 1
 314 3  4  7 +2.045563e-02 -2.868158e-02 150 1
 315 3  4  8 +2.337786e-02 -2.699443e-02 150 1
 316 3  4  9 +2.630009e-02 -2.530727e-02 150 1
 317 3  4 10 +2.922232e-02 -2.362012e-02 150 1
 318 3  4 11 +3.214456e-02 -2.193297e-02 150 1
 319 3  5  1 +2.922232e-03 -4.217879e-02 150 1
 320 3  5  2 +5.844465e-03 -4.049164e-02 150 1
 321 3  5  3 +8.766697e-03 -3.880449e-02 150 1
 322 3  5  4 +1.168893e-02 -3.711734e-02 150 1
 323 3  5  5 +1.461116e-02 -3.543018e-02 150 1
 324 3  5  6 +1.753339e-02 -3.374303e-02 150 1
 325 3  5  7 +2.045563e-02 -3.205588e-02 150 1
 326 3  5  8 +2.337786e-02 -3.036873e-02 150 1
 327 3  5  9 +2.630009e-02 -2.868158e-02 150 1
 328 3  5 10 +2.922232e-02 -2.699443e-02 150 1
 329 3  5 11 +3.214456e-02 -2.530727e-02 150 1
 330 3  5 12 +3.506679e-02 -2.362012e-02 150 1
 331 3  6  1 +2.922232e-03 -4.555309e-02 150 1
 332 3  6  2 +5.844465e-03 -4.386594e-02 150 1
 333 3  6  3 +8.766697e-03 -4.217879e-02 150 1
 334 3  6  4 +1.168893e-02 -4.049164e-02 150 1
 335 3  6  5 +1.461116e-02 -3.880449e-02 150 1
 336 3  6  6 +1.753339e-02 -3.711734e-02 150 1
 337 3  6  7 +2.045563e-02 -3.543018e-02 150 1
 338 3  6  8 +2.337786e-02 -3.374303e-02 150 1
 339 3  6  9 +2.630009e-02 -3.205588e-02 150 1
 340 3  6 10 +2.922232e-02 -3.036873e-02 150 1
 341 3  6 11 +3.214456e-02 -2.868158e-02 150 1
 342 3  6 12 +3.506679e-02 -2.699443e-02 150 1
 343 3  6 13 +3.798902e-02 -2.530727e-02 150 1
 344 3  7  1 +5.844465e-03 -4.724024e-02 150 0
 345 3  7  2 +8.766697e-03 -4.555309e-02 150 1
 346 3  7  3 +1.168893e-02 -4.386594e-02 150 1
 347 3  7  4 +1.461116e-02 -4.217879e-02 150 1
 348 3  7  5 +1.753339e-02 -4.049164e-02 150 1
 349 3  7  6 +2.045563e-02 -3.880449e-02 150 1
 350 3  7  7 +2.337786e-02 -3.711734e-02 150 1
 351 3  7  8 +2.630009e-02 -3.543018e-02 150 1
 352 3  7  9 +2.922232e-02 -3.374303e-02 150 1
 353 3  7 10 +3.214456e-02 -3.205588e-02 150 1
 354 3  7 11 +3.506679e-02 -3.036873e-02 150 1
 355 3  7 12 +3.798902e-02 -2.868158e-02 150 1
 356 3  8  1 +5.844465e-03 -5.061455e-02 150 1
 357 3  8  2 +8.766697e-03 -4.892740e-02 150 1
 358 3  8  3 +1.168893e-02 -4.724024e-02 150 1
 359 3  8  4 +1.461116e-02 -4.555309e-02 150 1
 360 3  8  5 +1.753339e-02 -4.386594e-02 150 1
 361 3  8  6 +2.045563e-02 -4.217879e-02 150 1
 362 3  8  7 +2.337786e-02 -4.049164e-02 150 0
 363 3  8  8 +2.630009e-02 -3.880449e-02 150 1
 364 3  8  9 +2.922232e-02 -3.711734e-02 150 1
 365 3  8 10 +3.214456e-02 -3.543018e-02 150 1
 366 3  8 11 +3.506679e-02 -3.374303e-02 150 1
 367 3  8 12 +3.798902e-02 -3.205588e-02 150 1
 368 3  8 13 +4.091125e-02 -3.036873e-02 150 1
 369 3  9  1 +8.766697e-03 -5.230170e-02 150 0
 370 3  9  2 +1.168893e-02 -5.061455e-02 150 1
 371 3  9  3 +1.461116e-02 -4.892740e-02 150 1
 372 3  9  4 +1.753339e-02 -4.724024e-02 150 1
 373 3  9  5 +2.045563e-02 -4.555309e-02 150 1
 374 3  9  6 +2.337786e-02 -4.386594e-02 150 1
 375 3  9  7 +2.630009e-02 -4.217879e-02 150 1
 376 3  9  8 +2.922232e-02 -4.049164e-02 150 1
 377 3  9  9 +3.214456e-02 -3.880449e-02 150 1
 378 3  9 10 +3.506679e-02 -3.711734e-02 150 1
 379 3  9 11 +3.798902e-02 -3.543018e-02 150 1
 380 3  9 12 +4.091125e-02 -3.374303e-02 150 0
 381 3 10  1 +1.168893e-02 -5.398885e-02 150 0
 382 3 10  2 +1.461116e-02 -5.230170e-02 150 0
 383 3 10  3 +1.753339e-02 -5.061455e-02 150 0
 384 3 10  4 +2.045563e-02 -4.892740e-02 150 0
 385 3 10  5 +2.337786e-02 -4.724024e-02 150 1
 386 3 10  6 +2.630009e-02 -4.555309e-02 150 1
 387 3 10  7 +2.922232e-02 -4.386594e-02 150 1
 388 3 10  8 +3.214456e-02 -4.217879e-02 150 0
 389 3 10  9 +3.506679e-02 -4.049164e-02 150 0
 390 3 10 10 +3.798902e-02 -3.880449e-02 150 0
 391 3 10 11 +4.091125e-02 -3.711734e-02 150 0
 392 3 11  1 +1.461116e-02 -5.567600e-02 150 0
 393 3 11  2 +1.753339e-02 -5.398885e-02 150 0
 394 3 11  3 +2.045563e-02 -5.230170e-02 150 0
 395 3 11  4 +2.337786e-02 -5.061455e-02 150 0
 396 3 11  5 +2.630009e-02 -4.892740e-02 150 0
 397 3 11  6 +2.922232e-02 -4.724024e-02 150 0
 398 3 11  7 +3.214456e-02 -4.555309e-02 150 0
 399 3 11  8 +3.506679e-02 -4.386594e-02 150 0
 400 3 11  9 +3.798902e-02 -4.217879e-02 150 0
 401 3 11 10 +4.091125e-02 -4.049164e-02 150 0
 402 3 12  1 +1.753339e-02 -5.736315e-02 150 0
 403 3 12  2 +2.045563e-02 -5.567600e-02 150 0
 404 3 12  3 +2.337786e-02 -5.398885e-02 150 0
 405 3 12  4 +2.630009e-02 -5.230170e-02 150 0
 406 3 12  5 +2.922232e-02 -5.061455e-02 150 0
 407 3 12  6 +3.214456e-02 -4.892740e-02 150 0
 408 3 12  7 +3.506679e-02 -4.724024e-02 150 0
 409 3 12  8 +3.798902e-02 -4.555309e-02 150 0
 410 3 12  9 +4.091125e-02 -4.386594e-02 150 0
 411 3 13  1 +2.045563e-02 -5.905031e-02 150 0
 412 3 13  2 +2.337786e-02 -5.736315e-02 150 0
 413 3 13  3 +2.630009e-02 -5.567600e-02 150 0
 414 3 13  4 +2.922232e-02 -5.398885e-02 150 0
 415 3 13  5 +3.214456e-02 -5.230170e-02 150 0
 416 3 13  6 +3.506679e-02 -5.061455e-02 150 0
 417 3 13  7 +3.798902e-02 -4.892740e-02 150 0
 418 3 13  8 +4.091125e-02 -4.724024e-02 150 0
 419 3 14  1 +2.630009e-02 -5.905031e-02 150 0
 420 3 14  2 +2.922232e-02 -5.736315e-02 150 0
 421 3 14  3 +3.214456e-02 -5.567600e-02 150 0
 422 3 14  4 +3.506679e-02 -5.398885e-02 150 0
 423 3 14  5 +3.798902e-02 -5.230170e-02 150 0
 424 4  1  1 -2.045563e-02 -1.855867e-02 250 1
 425 4  1  2 -1.753339e-02 -2.024582e-02 250 1
 426 4  1  3 -1.461116e-02 -2.193297e-02 250 1
 427 4  1  4 -1.168893e-02 -2.362012e-02 250 1
 428 4  1  5 -8.766697e-03 -2.530727e-02 250 1
 429 4  1  6 -5.844465e-03 -2.699443e-02 250 1
 430 4  2  1 -2.630009e-02 -1.855867e-02 250 1
 431 4  2  2 -2.337786e-02 -2.024582e-02 250 1
 432 4  2  3 -2.045563e-02 -2.193297e-02 250 1
 433 4  2  4 -1.753339e-02 -2.362012e-02 250 1
 434 4  2  5 -1.461116e-02 -2.530727e-02 250 1
 435 4  2  6 -1.168893e-02 -2.699443e-02 250 1
 436 4  2  7 -8.766697e-03 -2.868158e-02 250 1
 437 4  2  8 -5.844465e-03 -3.036873e-02 250 1
 438 4  2  9 -2.922232e-03 -3.205588e-02 250 1
 439 4  3  1 -2.922232e-02 -2.024582e-02 250 1
 440 4  3  2 -2.630009e-02 -2.193297e-02 250 1
 441 4  3  3 -2.337786e-02 -2.362012e-02 250 1
 442 4  3  4 -2.045563e-02 -2.530727e-02 250 1
 443 4  3  5 -1.753339e-02 -2.699443e-02 250 1
 444 4  3  6 -1.461116e-02 -2.868158e-02 250 1
 445 4  3  7 -1.168893e-02 -3.036873e-02 250 1
 446 4  3  8 -8.766697e-03 -3.205588e-02 250 1
 447 4  3  9 -5.844465e-03 -3.374303e-02 250 1
 448 4  3 10 -2.922232e-03 -3.543018e-02 250 1
 449 4  4  1 -3.214456e-02 -2.193297e-02 250 1
 450 4  4  2 -2.922232e-02 -2.362012e-02 250 1
 451 4  4  3 -2.630009e-02 -2.530727e-02 250 1
 452 4  4  4 -2.337786e-02 -2.699443e-02 250 1
 453 4  4  5 -2.045563e-02 -2.868158e-02 250 1
 454 4  4  6 -1.753339e-02 -3.036873e-02 250 1
 455 4  4  7 -1.461116e-02 -3.205588e-02 250 1
 456 4  4  8 -1.168893e-02 -3.374303e-02 250 1
 457 4  4  9 -8.766697e-03 -3.543018e-02 250 1
 458 4  4 10 -5.844465e-03 -3.711734e-02 250 1
 459 4  4 11 -2.922232e-03 -3.880449e-02 250 1
 460 4  5  1 -3.506679e-02 -2.362012e-02 250 1
 461 4  5  2 -3.214456e-02 -2.530727e-02 250 1
 462 4  5  3 -2.922232e-02 -2.699443e-02 250 1
 463 4  5  4 -2.630009e-02 -2.868158e-02 250 1
 464 4  5  5 -2.337786e-02 -3.036873e-02 250 1
 465 4  5  6 -2.045563e-02 -3.205588e-02 250 1
 466 4  5  7 -1.753339e-02 -3.374303e-02 250 1
 467 4  5  8 -1.461116e-02 -3.543018e-02 250 1
 468 4  5  9 -1.168893e-02 -3.711734e-02 250 1
 469 4  5 10 -8.766697e-03 -3.880449e-02 250 1
 470 4  5 11 -5.844465e-03 -4.049164e-02 250 1
 471 4  5 12 -2.922232e-03 -4.217879e-02 250 1
 472 4  6  1 -3.798902e-02 -2.530727e-02 250 1
 473 4  6  2 -3.506679e-02 -2.699443e-02 250 1
 474 4  6  3 -3.214456e-02 -2.868158e-02 250 1
 475 4  6  4 -2.922232e-02 -3.036873e-02 250 1
 476 4  6  5 -2.630009e-02 -3.205588e-02 250 1
 477 4  6  6 -2.337786e-02 -3.374303e-02 250 1
 478 4  6  7 -2.045563e-02 -3.543018e-02 250 1
 479 4  6  8 -1.753339e-02 -3.711734e-02 250 1
 480 4  6  9 -1.461116e-02 -3.880449e-02 250 1
 481 4  6 10 -1.168893e-02 -4.049164e-02 250 1
 482 4  6 11 -8.766697e-03 -4.217879e-02 250 1
 483 4  6 12 -5.844465e-03 -4.386594e-02 250 1
 484 4  6 13 -2.922232e-03 -4.555309e-02 250 1
 485 4  7  1 -3.798902e-02 -2.868158e-02 250 0
 486 4  7  2 -3.506679e-02 -3.036873e-02 250 1
 487 4  7  3 -3.214456e-02 -3.205588e-02 250 1
 488 4  7  4 -2.922232e-02 -3.374303e-02 250 1
 489 4  7  5 -2.630009e-02 -3.543018e-02 250 1
 490 4  7  6 -2.337786e-02 -3.711734e-02 250 1
 491 4  7  7 -2.045563e-02 -3.880449e-02 250 1
 492 4  7  8 -1.753339e-02 -4.049164e-02 250 1
 493 4  7  9 -1.461116e-02 -4.217879e-02 250 1
 494 4  7 10 -1.168893e-02 -4.386594e-02 250 1
 495 4  7 11 -8.766697e-03 -4.555309e-02 250 1
 496 4  7 12 -5.844465e-03 -4.724025e-02 250 1
 497 4  8  1 -4.091125e-02 -3.036873e-02 250 1
 498 4  8  2 -3.798902e-02 -3.205588e-02 250 1
 499 4  8  3 -3.506679e-02 -3.374303e-02 250 1
 500 4  8  4 -3.214456e-02 -3.543018e-02 250 1
 501 4  8  5 -2.922232e-02 -3.711734e-02 250 1
 502 4  8  6 -2.630009e-02 -3.880449e-02 250 1
 503 4  8  7 -2.337786e-02 -4.049164e-02 250 0
 504 4  8  8 -2.045563e-02 -4.217879e-02 250 1
 505 4  8  9 -1.753339e-02 -4.386594e-02 250 1
 506 4  8 10 -1.461116e-02 -4.555309e-02 250 1
 507 4  8 11 -1.168893e-02 -4.724025e-02 250 1
 508 4  8 12 -8.766697e-03 -4.892740e-02 250 1
 509 4  8 13 -5.844465e-03 -5.061455e-02 250 1
 510 4  9  1 -4.091125e-02 -3.374303e-02 250 0
 511 4  9  2 -3.798902e-02 -3.543018e-02 250 1
 512 4  9  3 -3.506679e-02 -3.711734e-02 250 1
 513 4  9  4 -3.214456e-02 -3.880449e-02 250 1
 514 4  9  5 -2.922232e-02 -4.049164e-02 250 1
 515 4  9  6 -2.630009e-02 -4.217879e-02 250 1
 516 4  9  7 -2.337786e-02 -4.386594e-02 250 1
 517 4  9  8 -2.045563e-02 -4.555309e-02 250 1
 518 4  9  9 -1.753339e-02 -4.724025e-02 250 1
 519 4  9 10 -1.461116e-02 -4.892740e-02 250 1
 520 4  9 11 -1.168893e-02 -5.061455e-02 250 1
 521 4  9 12 -8.766697e-03 -5.230170e-02 250 0
 522 4 10  1 -4.091125e-02 -3.711734e-02 250 0
 523 4 10  2 -3.798902e-02 -3.880449e-02 250 0
 524 4 10  3 -3.506679e-02 -4.049164e-02 250 0
 525 4 10  4 -3.214456e-02 -4.217879e-02 250 0
 526 4 10  5 -2.922232e-02 -4.386594e-02 250 1
 527 4 10  6 -2.630009e-02 -4.555309e-02 250 1
 528 4 10  7 -2.337786e-02 -4.724025e-02 250 1
 529 4 10  8 -2.045563e-02 -4.892740e-02 250 0
 530 4 10  9 -1.753339e-02 -5.061455e-02 250 0
 531 4 10 10 -1.461116e-02 -5.230170e-02 250 0
 532 4 10 11 -1.168893e-02 -5.398885e-02 250 0
 533 4 11  1 -4.091125e-02 -4.049164e-02 250 0
 534 4 11  2 -3.798902e-02 -4.217879e-02 250 0
 535 4 11  3 -3.506679e-02 -4.386594e-02 250 0
 536 4 11  4 -3.214456e-02 -4.555309e-02 250 0
 537 4 11  5 -2.922232e-02 -4.724025e-02 250 0
 538 4 11  6 -2.630009e-02 -4.892740e-02 250 0
 539 4 11  7 -2.337786e-02 -5.061455e-02 250 0
 540 4 11  8 -2.045563e-02 -5.230170e-02 250 0
 541 4 11  9 -1.753339e-02 -5.398885e-02 250 0
 542 4 11 10 -1.461116e-02 -5.567600e-02 250 0
 543 4 12  1 -4.091125e-02 -4.386594e-02 250 0
 544 4 12  2 -3.798902e-02 -4.555309e-02 250 0
 545 4 12  3 -3.506679e-02 -4.724024e-02 250 0
 546 4 12  4 -3.214456e-02 -4.892740e-02 250 0
 547 4 12  5 -2.922232e-02 -5.061455e-02 250 0
 548 4 12  6 -2.630009e-02 -5.230170e-02 250 0
 549 4 12  7 -2.337786e-02 -5.398885e-02 250 0
 550 4 12  8 -2.045563e-02 -5.567600e-02 250 0
 551 4 12  9 -1.753339e-02 -5.736315e-02 250 0
 552 4 13  1 -4.091125e-02 -4.724024e-02 250 0
 553 4 13  2 -3.798902e-02 -4.892740e-02 250 0
 554 4 13  3 -3.506679e-02 -5.061455e-02 250 0
 555 4 13  4 -3.214456e-02 -5.230170e-02 250 0
 556 4 13  5 -2.922232e-02 -5.398885e-02 250 0
 557 4 13  6 -2.630009e-02 -5.567600e-02 250 0
 558 4 13  7 -2.337786e-02 -5.736315e-02 250 0
 559 4 13  8 -2.045563e-02 -5.905031e-02 250 0
 560 4 14  1 -3.798902e-02 -5.230170e-02 250 0
 561 4 14  2 -3.506679e-02 -5.398885e-02 250 0
 562 4 14  3 -3.214456e-02 -5.567600e-02 250 0
 563 4 14  4 -2.922232e-02 -5.736315e-02 250 0
 564 4 14  5 -2.630009e-02 -5.905031e-02 250 0
 565 5  1  1 -2.630009e-02 +8.435758e-03 150 1
 566 5  1  2 -2.630009e-02 +5.061455e-03 150 1
 567 5  1  3 -2.630009e-02 +1.687152e-03 150 1
 568 5  1  4 -2.630009e-02 -1.687152e-03 150 1
 569 5  1  5 -2.630009e-02 -5.061455e-03 150 1
 570 5  1  6 -2.630009e-02 -8.435758e-03 150 1
 571 5  2  1 -2.922232e-02 +1.349721e-02 150 1
 572 5  2  2 -2.922232e-02 +1.012291e-02 150 1
 573 5  2  3 -2.922232e-02 +6.748606e-03 150 1
 574 5  2  4 -2.922232e-02 +3.374303e-03 150 1
 575 5  2  5 -2.922232e-02 +3.578702e-18 150 1
 576 5  2  6 -2.922232e-02 -3.374303e-03 150 1
 577 5  2  7 -2.922232e-02 -6.748606e-03 150 1
 578 5  2  8 -2.922232e-02 -1.012291e-02 150 1
 579 5  2  9 -2.922232e-02 -1.349721e-02 150 1
 580 5  3  1 -3.214456e-02 +1.518436e-02 150 1
 581 5  3  2 -3.214456e-02 +1.181006e-02 150 1
 582 5  3  3 -3.214456e-02 +8.435758e-03 150 1
 583 5  3  4 -3.214456e-02 +5.061455e-03 150 1
 584 5  3  5 -3.214456e-02 +1.687152e-03 150 1
 585 5  3  6 -3.214456e-02 -1.687152e-03 150 1
 586 5  3  7 -3.214456e-02 -5.061455e-03 150 1
 587 5  3  8 -3.214456e-02 -8.435758e-03 150 1
 588 5  3  9 -3.214456e-02 -1.181006e-02 150 1
 589 5  3 10 -3.214456e-02 -1.518436e-02 150 1
 590 5  4  1 -3.506679e-02 +1.687152e-02 150 1
 591 5  4  2 -3.506679e-02 +1.349721e-02 150 1
 592 5  4  3 -3.506679e-02 +1.012291e-02 150 1
 593 5  4  4 -3.506679e-02 +6.748606e-03 150 1
 594 5  4  5 -3.506679e-02 +3.374303e-03 150 1
 595 5  4  6 -3.506679e-02 +4.294443e-18 150 1
 596 5  4  7 -3.506679e-02 -3.374303e-03 150 1
 597 5  4  8 -3.506679e-02 -6.748606e-03 150 1
 598 5  4  9 -3.506679e-02 -1.012291e-02 150 1
 599 5  4 10 -3.506679e-02 -1.349721e-02 150 1
 600 5  4 11 -3.506679e-02 -1.687152e-02 150 1
 601 5  5  1 -3.798902e-02 +1.855867e-02 150 1
 602 5  5  2 -3.798902e-02 +1.518436e-02 150 1
 603 5  5  3 -3.798902e-02 +1.181006e-02 150 1
 604 5  5  4 -3.798902e-02 +8.435758e-03 150 1
 605 5  5  5 -3.798902e-02 +5.061455e-03 150 1
 606 5  5  6 -3.798902e-02 +1.687152e-03 150 1
 607 5  5  7 -3.798902e-02 -1.687152e-03 150 1
 608 5  5  8 -3.798902e-02 -5.061455e-03 150 1
 609 5  5  9 -3.798902e-02 -8.435758e-03 150 1
 610 5  5 10 -3.798902e-02 -1.181006e-02 150 1
 611 5  5 11 -3.798902e-02 -1.518436e-02 150 1
 612 5  5 12 -3.798902e-02 -1.855867e-02 150 1
 613 5  6  1 -4.091125e-02 +2.024582e-02 150 1
 614 5  6  2 -4.091125e-02 +1.687152e-02 150 1
 615 5  6  3 -4.091125e-02 +1.349721e-02 150 1
 616 5  6  4 -4.091125e-02 +1.012291e-02 150 1
 617 5  6  5 -4.091125e-02 +6.748606e-03 150 1
 618 5  6  6 -4.091125e-02 +3.374303e-03 150 1
 619 5  6  7 -4.091125e-02 +5.010183e-18 150 1
 620 5  6  8 -4.091125e-02 -3.374303e-03 150 1
 621 5  6  9 -4.091125e-02 -6.748606e-03 150 1
 622 5  6 10 -4.091125e-02 -1.012291e-02 150 1
 623 5  6 11 -4.091125e-02 -1.349721e-02 150 1
 624 5  6 12 -4.091125e-02 -1.687152e-02 150 1
 625 5  6 13 -4.091125e-02 -2.024582e-02 150 1
 626 5  7  1 -4.383348e-02 +1.855867e-02 150 0
 627 5  7  2 -4.383348e-02 +1.518436e-02 150 1
 628 5  7  3 -4.383348e-02 +1.181006e-02 150 1
 629 5  7  4 -4.383348e-02 +8.435758e-03 150 1
 630 5  7  5 -4.383348e-02 +5.061455e-03 150 1
 631 5  7  6 -4.383348e-02 +1.687152e-03 150 1
 632 5  7  7 -4.383348e-02 -1.687152e-03 150 1
 633 5  7  8 -4.383348e-02 -5.061455e-03 150 1
 634 5  7  9 -4.383348e-02 -8.435758e-03 150 1
 635 5  7 10 -4.383348e-02 -1.181006e-02 150 1
 636 5  7 11 -4.383348e-02 -1.518436e-02 150 1
 637 5  7 12 -4.383348e-02 -1.855867e-02 150 1
 638 5  8  1 -4.675572e-02 +2.024582e-02 150 1
 639 5  8  2 -4.675572e-02 +1.687152e-02 150 1
 640 5  8  3 -4.675572e-02 +1.349721e-02 150 1
 641 5  8  4 -4.675572e-02 +1.012291e-02 150 1
 642 5  8  5 -4.675572e-02 +6.748606e-03 150 1
 643 5  8  6 -4.675572e-02 +3.374303e-03 150 1
 644 5  8  7 -4.675572e-02 +5.725924e-18 150 0
 645 5  8  8 -4.675572e-02 -3.374303e-03 150 1
 646 5  8  9 -4.675572e-02 -6.748606e-03 150 1
 647 5  8 10 -4.675572e-02 -1.012291e-02 150 1
 648 5  8 11 -4.675572e-02 -1.349721e-02 150 1
 649 5  8 12 -4.675572e-02 -1.687152e-02 150 1
 650 5  8 13 -4.675572e-02 -2.024582e-02 150 1
 651 5  9  1 -4.967795e-02 +1.855867e-02 150 0
 652 5  9  2 -4.967795e-02 +1.518436e-02 150 1
 653 5  9  3 -4.967795e-02 +1.181006e-02 150 1
 654 5  9  4 -4.967795e-02 +8.435758e-03 150 1
 655 5  9  5 -4.967795e-02 +5.061455e-03 150 1
 656 5  9  6 -4.967795e-02 +1.687152e-03 150 1
 657 5  9  7 -4.967795e-02 -1.687152e-03 150 1
 658 5  9  8 -4.967795e-02 -5.061455e-03 150 1
 659 5  9  9 -4.967795e-02 -8.435758e-03 150 1
 660 5  9 10 -4.967795e-02 -1.181006e-02 150 1
 661 5  9 11 -4.967795e-02 -1.518436e-02 150 1
 662 5  9 12 -4.967795e-02 -1.855867e-02 150 0
 663 5 10  1 -5.260018e-02 +1.687152e-02 150 0
 664 5 10  2 -5.260018e-02 +1.349721e-02 150 0
 665 5 10  3 -5.260018e-02 +1.012291e-02 150 0
 666 5 10  4 -5.260018e-02 +6.748606e-03 150 0
 667 5 10  5 -5.260018e-02 +3.374303e-03 150 1
 668 5 10  6 -5.260018e-02 +6.441664e-18 150 1
 669 5 10  7 -5.260018e-02 -3.374303e-03 150 1
 670 5 10  8 -5.260018e-02 -6.748606e-03 150 0
 671 5 10  9 -5.260018e-02 -1.012291e-02 150 0
 672 5 10 10 -5.260018e-02 -1.349721e-02 150 0
 673 5 10 11 -5.260018e-02 -1.687152e-02 150 0
 674 5 11  1 -5.552241e-02 +1.518436e-02 150 0
 675 5 11  2 -5.552241e-02 +1.181006e-02 150 0
 676 5 11  3 -5.552241e-02 +8.435758e-03 150 0
 677 5 11  4 -5.552241e-02 +5.061455e-03 150 0
 678 5 11  5 -5.552241e-02 +1.687152e-03 150 0
 679 5 11  6 -5.552241e-02 -1.687152e-03 150 0
 680 5 11  7 -5.552241e-02 -5.061455e-03 150 0
 681 5 11  8 -5.552241e-02 -8.435758e-03 150 0
 682 5 11  9 -5.552241e-02 -1.181006e-02 150 0
 683 5 11 10 -5.552241e-02 -1.518436e-02 150 0
 684 5 12  1 -5.844465e-02 +1.349721e-02 150 0
 685 5 12  2 -5.844465e-02 +1.012291e-02 150 0
 686 5 12  3 -5.844465e-02 +6.748606e-03 150 0
 687 5 12  4 -5.844465e-02 +3.374303e-03 150 0
 688 5 12  5 -5.844465e-02 +7.157405e-18 150 0
 689 5 12  6 -5.844465e-02 -3.374303e-03 150 0
 690 5 12  7 -5.844465e-02 -6.748606e-03 150 0
 691 5 12  8 -5.844465e-02 -1.012291e-02 150 0
 692 5 12  9 -5.844465e-02 -1.349721e-02 150 0
 693 5 13  1 -6.136688e-02 +1.181006e-02 150 0
 694 5 13  2 -6.136688e-02 +8.435758e-03 150 0
 695 5 13  3 -6.136688e-02 +5.061455e-03 150 0
 696 5 13  4 -6.136688e-02 +1.687152e-03 150 0
 697 5 13  5 -6.136688e-02 -1.687152e-03 150 0
 698 5 13  6 -6.136688e-02 -5.061455e-03 150 0
 699 5 13  7 -6.136688e-02 -8.435758e-03 150 0
 700 5 13  8 -6.136688e-02 -1.181006e-02 150 0
 701 5 14  1 -6.428911e-02 +6.748606e-03 150 0
 702 5 14  2 -6.428911e-02 +3.374303e-03 150 0
 703 5 14  3 -6.428911e-02 +7.873145e-18 150 0
 704 5 14  4 -6.428911e-02 -3.374303e-03 150 0
 705 5 14  5 -6.428911e-02 -6.748606e-03 150 0
 706 6  1  1 -5.844465e-03 +2.699443e-02 150 1
 707 6  1  2 -8.766697e-03 +2.530727e-02 150 1
 708 6  1  3 -1.168893e-02 +2.362012e-02 150 1
 709 6  1  4 -1.461116e-02 +2.193297e-02 150 1
 710 6  1  5 -1.753339e-02 +2.024582e-02 150 1
 711 6  1  6 -2.045563e-02 +1.855867e-02 150 1
 712 6  2  1 -2.922232e-03 +3.205588e-02 150 1
 713 6  2  2 -5.844465e-03 +3.036873e-02 150 1
 714 6  2  3 -8.766697e-03 +2.868158e-02 150 1
 715 6  2  4 -1.168893e-02 +2.699443e-02 150 1
 716 6  2  5 -1.461116e-02 +2.530727e-02 150 1
 717 6  2  6 -1.753339e-02 +2.362012e-02 150 1
 718 6  2  7 -2.045563e-02 +2.193297e-02 150 1
 719 6  2  8 -2.337786e-02 +2.024582e-02 150 1
 720 6  2  9 -2.630009e-02 +1.855867e-02 150 1
 721 6  3  1 -2.922232e-03 +3.543018e-02 150 1
 722 6  3  2 -5.844465e-03 +3.374303e-02 150 1
 723 6  3  3 -8.766697e-03 +3.205588e-02 150 1
 724 6  3  4 -1.168893e-02 +3.036873e-02 150 1
 725 6  3  5 -1.461116e-02 +2.868158e-02 150 1
 726 6  3  6 -1.753339e-02 +2.699443e-02 150 1
 727 6  3  7 -2.045563e-02 +2.530727e-02 150 1
 728 6  3  8 -2.337786e-02 +2.362012e-02 150 1
 729 6  3  9 -2.630009e-02 +2.193297e-02 150 1
 730 6  3 10 -2.922232e-02 +2.024582e-02 150 1
 731 6  4  1 -2.922232e-03 +3.880449e-02 150 1
 732 6  4  2 -5.844465e-03 +3.711734e-02 150 1
 733 6  4  3 -8.766697e-03 +3.543018e-02 150 1
 734 6  4  4 -1.168893e-02 +3.374303e-02 150 1
 735 6  4  5 -1.461116e-02 +3.205588e-02 150 1
 736 6  4  6 -1.753339e-02 +3.036873e-02 150 1
 737 6  4  7 -2.045563e-02 +2.868158e-02 150 1
 738 6  4  8 -2.337786e-02 +2.699443e-02 150 1
 739 6  4  9 -2.630009e-02 +2.530727e-02 150 1
 740 6  4 10 -2.922232e-02 +2.362012e-02 150 1
 741 6  4 11 -3.214456e-02 +2.193297e-02 150 1
 742 6  5  1 -2.922232e-03 +4.217879e-02 150 1
 743 6  5  2 -5.844465e-03 +4.049164e-02 150 1
 744 6  5  3 -8.766697e-03 +3.880449e-02 150 1
 745 6  5  4 -1.168893e-02 +3.711734e-02 150 1
 746 6  5  5 -1.461116e-02 +3.543018e-02 150 1
 747 6  5  6 -1.753339e-02 +3.374303e-02 150 1
 748 6  5  7 -2.045563e-02 +3.205588e-02 150 1
 749 6  5  8 -2.337786e-02 +3.036873e-02 150 1
 750 6  5  9 -2.630009e-02 +2.868158e-02 150 1
 751 6  5 10 -2.922232e-02 +2.699443e-02 150 1
 752 6  5 11 -3.214456e-02 +2.530727e-02 150 1
 753 6  5 12 -3.506679e-02 +2.362012e-02 150 1
 754 6  6  1 -2.922232e-03 +4.555309e-02 150 1
 755 6  6  2 -5.844465e-03 +4.386594e-02 150 1
 756 6  6  3 -8.766697e-03 +4.217879e-02 150 1
 757 6  6  4 -1.168893e-02 +4.049164e-02 150 1
 758 6  6  5 -1.461116e-02 +3.880449e-02 150 1
 759 6  6  6 -1.753339e-02 +3.711734e-02 150 1
 760 6  6  7 -2.045563e-02 +3.543018e-02 150 1
 761 6  6  8 -2.337786e-02 +3.374303e-02 150 1
 762 6  6  9 -2.630009e-02 +3.205588e-02 150 1
 763 6  6 10 -2.922232e-02 +3.036873e-02 150 1
 764 6  6 11 -3.214456e-02 +2.868158e-02 150 1
 765 6  6 12 -3.506679e-02 +2.699443e-02 150 1
 766 6  6 13 -3.798902e-02 +2.530727e-02 150 1
 767 6  7  1 -5.844465e-03 +4.724024e-02 150 0
 768 6  7  2 -8.766697e-03 +4.555309e-02 150 1
 769 6  7  3 -1.168893e-02 +4.386594e-02 150 1
 770 6  7  4 -1.461116e-02 +4.217879e-02 150 1
 771 6  7  5 -1.753339e-02 +4.049164e-02 150 1
 772 6  7  6 -2.045563e-02 +3.880449e-02 150 1
 773 6  7  7 -2.337786e-02 +3.711734e-02 150 1
 774 6  7  8 -2.630009e-02 +3.543018e-02 150 1
 775 6  7  9 -2.922232e-02 +3.374303e-02 150 1
 776 6  7 10 -3.214456e-02 +3.205588e-02 150 1
 777 6  7 11 -3.506679e-02 +3.036873e-02 150 1
 778 6  7 12 -3.798902e-02 +2.868158e-02 150 1
 779 6  8  1 -5.844465e-03 +5.061455e-02 150 1
 780 6  8  2 -8.766697e-03 +4.892740e-02 150 1
 781 6  8  3 -1.168893e-02 +4.724024e-02 150 1
 782 6  8  4 -1.461116e-02 +4.555309e-02 150 1
 783 6  8  5 -1.753339e-02 +4.386594e-02 150 1
 784 6  8  6 -2.045563e-02 +4.217879e-02 150 1
 785 6  8  7 -2.337786e-02 +4.049164e-02 150 0
 786 6  8  8 -2.630009e-02 +3.880449e-02 150 1
 787 6  8  9 -2.922232e-02 +3.711734e-02 150 1
 788 6  8 10 -3.214456e-02 +3.543018e-02 150 1
 789 6  8 11 -3.506679e-02 +3.374303e-02 150 1
 790 6  8 12 -3.798902e-02 +3.205588e-02 150 1
 791 6  8 13 -4.091125e-02 +3.036873e-02 150 1
 792 6  9  1 -8.766697e-03 +5.230170e-02 150 0
 793 6  9  2 -1.168893e-02 +5.061455e-02 150 1
 794 6  9  3 -1.461116e-02 +4.892740e-02 150 1
 795 6  9  4 -1.753339e-02 +4.724024e-02 150 1
 796 6  9  5 -2.045563e-02 +4.555309e-02 150 1
 797 6  9  6 -2.337786e-02 +4.386594e-02 150 1
 798 6  9  7 -2.630009e-02 +4.217879e-02 150 1
 799 6  9  8 -2.922232e-02 +4.049164e-02 150 1
 800 6  9  9 -3.214456e-02 +3.880449e-02 150 1
 801 6  9 10 -3.506679e-02 +3.711734e-02 150 1
 802 6  9 11 -3.798902e-02 +3.543018e-02 150 1
 803 6  9 12 -4.091125e-02 +3.374303e-02 150 0
 804 6 10  1 -1.168893e-02 +5.398885e-02 150 0
 805 6 10  2 -1.461116e-02 +5.230170e-02 150 0
 806 6 10  3 -1.753339e-02 +5.061455e-02 150 0
 807 6 10  4 -2.045563e-02 +4.892740e-02 150 0
 808 6 10  5 -2.337786e-02 +4.724024e-02 150 1
 809 6 10  6 -2.630009e-02 +4.555309e-02 150 1
 810 6 10  7 -2.922232e-02 +4.386594e-02 150 1
 811 6 10  8 -3.214456e-02 +4.217879e-02 150 0
 812 6 10  9 -3.506679e-02 +4.049164e-02 150 0
 813 6 10 10 -3.798902e-02 +3.880449e-02 150 0
 814 6 10 11 -4.091125e-02 +3.711734e-02 150 0
 815 6 11  1 -1.461116e-02 +5.567600e-02 150 0
 816 6 11  2 -1.753339e-02 +5.398885e-02 150 0
 817 6 11  3 -2.045563e-02 +5.230170e-02 150 0
 818 6 11  4 -2.337786e-02 +5.061455e-02 150 0
 819 6 11  5 -2.630009e-02 +4.892740e-02 150 0
 820 6 11  6 -2.922232e-02 +4.724024e-02 150 0
 821 6 11  7 -3.214456e-02 +4.555309e-02 150 0
 822 6 11  8 -3.506679e-02 +4.386594e-02 150 0
 823 6 11  9 -3.798902e-02 +4.217879e-02 150 0
 824 6 11 10 -4.091125e-02 +4.049164e-02 150 0
 825 6 12  1 -1.753339e-02 +5.736315e-02 150 0
 826 6 12  2 -2.045563e-02 +5.567600e-02 150 0
 827 6 12  3 -2.337786e-02 +5.398885e-02 150 0
 828 6 12  4 -2.630009e-02 +5.230170e-02 150 0
 829 6 12  5 -2.922232e-02 +5.061455e-02 150 0
 830 6 12  6 -3.214456e-02 +4.892740e-02 150 0
 831 6 12  7 -3.506679e-02 +4.724024e-02 150 0
 832 6 12  8 -3.798902e-02 +4.555309e-02 150 0
 833 6 12  9 -4.091125e-02 +4.386594e-02 150 0
 834 6 13  1 -2.045563e-02 +5.905031e-02 150 0
 835 6 13  2 -2.337786e-02 +5.736315e-02 150 0
 836 6 13  3 -2.630009e-02 +5.567600e-02 150 0
 837 6 13  4 -2.922232e-02 +5.398885e-02 150 0
 838 6 13  5 -3.214456e-02 +5.230170e-02 150 0
 839 6 13  6 -3.506679e-02 +5.061455e-02 150 0
 840 6 13  7 -3.798902e-02 +4.892740e-02 150 0
 841 6 13  8 -4.091125e-02 +4.724024e-02 150 0
 842 6 14  1 -2.630009e-02 +5.905031e-02 150 0
 843 6 14  2 -2.922232e-02 +5.736315e-02 150 0
 844 6 14  3 -3.214456e-02 +5.567600e-02 150 0
 845 6 14  4 -3.506679e-02 +5.398885e-02 150 0
 846 6 14  5 -3.798902e-02 +5.230170e-02 150 0
 847 7  1  1 +2.922232e-03 +2.193297e-02 410 1
 848 7  1  2 +5.844465e-03 +2.024582e-02 410 1
 849 7  1  3 +8.766697e-03 +1.855867e-02 410 1
 850 7  1  4 +1.168893e-02 +1.687152e-02 410 1
 851 7  1  5 +1.461116e-02 +1.518436e-02 410 1
 852 7  1  6 +1.753339e-02 +1.349721e-02 410 1
 853 7  2  1 -2.922232e-03 +2.193297e-02 410 1
 854 7  2  2 +1.239699e-18 +2.024582e-02 410 1
 855 7  2  3 +2.922232e-03 +1.855867e-02 410 1
 856 7  2  4 +5.844465e-03 +1.687152e-02 410 1
 857 7  2  5 +8.766697e-03 +1.518436e-02 410 1
 858 7  2  6 +1.168893e-02 +1.349721e-02 410 1
 859 7  2  7 +1.461116e-02 +1.181006e-02 410 1
 860 7  2  8 +1.753339e-02 +1.012291e-02 410 1
 861 7  2  9 +2.045563e-02 +8.435758e-03 410 1
 862 7  3  1 -5.844465e-03 +2.024582e-02 410 1
 863 7  3  2 -2.922232e-03 +1.855867e-02 410 1
 864 7  3  3 +1.033082e-18 +1.687152e-02 410 1
 865 7  3  4 +2.922232e-03 +1.518436e-02 410 1
 866 7  3  5 +5.844465e-03 +1.349721e-02 410 1
 867 7  3  6 +8.766697e-03 +1.181006e-02 410 1
 868 7  3  7 +1.168893e-02 +1.012291e-02 410 1
 869 7  3  8 +1.461116e-02 +8.435758e-03 410 1
 870 7  3  9 +1.753339e-02 +6.748606e-03 410 1
 871 7  3 10 +2.045563e-02 +5.061455e-03 410 1
 872 7  4  1 -8.766697e-03 +1.855867e-02 410 1
 873 7  4  2 -5.844465e-03 +1.687152e-02 410 1
 874 7  4  3 -2.922232e-03 +1.518436e-02 410 1
 875 7  4  4 +8.264659e-19 +1.349721e-02 410 1
 876 7  4  5 +2.922232e-03 +1.181006e-02 410 1
 877 7  4  6 +5.844465e-03 +1.012291e-02 410 1
 878 7  4  7 +8.766697e-03 +8.435758e-03 410 1
 879 7  4  8 +1.168893e-02 +6.748606e-03 410 1
 880 7  4  9 +1.461116e-02 +5.061455e-03 410 1
 881 7  4 10 +1.753339e-02 +3.374303e-03 410 1
 882 7  4 11 +2.045563e-02 +1.687152e-03 410 1
 883 7  5  1 -1.168893e-02 +1.687152e-02 410 1
 884 7  5  2 -8.766697e-03 +1.518436e-02 410 1
 885 7  5  3 -5.844465e-03 +1.349721e-02 410 1
 886 7  5  4 -2.922232e-03 +1.181006e-02 410 1
 887 7  5  5 +6.198494e-19 +1.012291e-02 410 1
 888 7  5  6 +2.922232e-03 +8.435758e-03 410 1
 889 7  5  7 +5.844465e-03 +6.748606e-03 410 1
 890 7  5  8 +8.766697e-03 +5.061455e-03 410 1
 891 7  5  9 +1.168893e-02 +3.374303e-03 410 1
 892 7  5 10 +1.461116e-02 +1.687152e-03 410 1
 893 7  5 11 +1.753339e-02 -1.375387e-11 410 1
 894 7  5 12 +2.045563e-02 -1.687152e-03 410 1
 895 7  6  1 -1.461116e-02 +1.518436e-02 410 1
 896 7  6  2 -1.168893e-02 +1.349721e-02 410 1
 897 7  6  3 -8.766697e-03 +1.181006e-02 410 1
 898 7  6  4 -5.844465e-03 +1.012291e-02 410 1
 899 7  6  5 -2.922232e-03 +8.435758e-03 410 1
 900 7  6  6 +4.132330e-19 +6.748606e-03 410 1
 901 7  6  7 +2.922232e-03 +5.061455e-03 410 1
 902 7  6  8 +5.844465e-03 +3.374303e-03 410 1
 903 7  6  9 +8.766697e-03 +1.687152e-03 410 1
 904 7  6 10 +1.168893e-02 -9.169249e-12 410 1
 905 7  6 11 +1.461116e-02 -1.687152e-03 410 1
 906 7  6 12 +1.753339e-02 -3.374303e-03 410 1
 907 7  6 13 +2.045563e-02 -5.061455e-03 410 1
 908 7  7  1 -1.461116e-02 +1.181006e-02 410 0
 909 7  7  2 -1.168893e-02 +1.012291e-02 410 1
 910 7  7  3 -8.766697e-03 +8.435758e-03 410 1
 911 7  7  4 -5.844465e-03 +6.748606e-03 410 1
 912 7  7  5 -2.922232e-03 +5.061455e-03 410 1
 913 7  7  6 +2.066165e-19 +3.374303e-03 410 1
 914 7  7  7 +2.922232e-03 +1.687152e-03 410 1
 915 7  7  8 +5.844465e-03 -4.584624e-12 410 1
 916 7  7  9 +8.766697e-03 -1.687152e-03 410 1
 917 7  7 10 +1.168893e-02 -3.374303e-03 410 1
 918 7  7 11 +1.461116e-02 -5.061455e-03 410 1
 919 7  7 12 +1.753339e-02 -6.748606e-03 410 1
 920 7  8  1 -1.753339e-02 +1.012291e-02 410 1
 921 7  8  2 -1.461116e-02 +8.435758e-03 410 1
 922 7  8  3 -1.168893e-02 +6.748606e-03 410 1
 923 7  8  4 -8.766697e-03 +5.061455e-03 410 1
 924 7  8  5 -5.844465e-03 +3.374303e-03 410 1
 925 7  8  6 -2.922232e-03 +1.687152e-03 410 1
 926 7  8  7 +0.000000e+00 +0.000000e+00 410 0
 927 7  8  8 +2.922232e-03 -1.687152e-03 410 1
 928 7  8  9 +5.844465e-03 -3.374303e-03 410 1
 929 7  8 10 +8.766697e-03 -5.061455e-03 410 1
 930 7  8 11 +1.168893e-02 -6.748606e-03 410 1
 931 7  8 12 +1.461116e-02 -8.435758e-03 410 1
 932 7  8 13 +1.753339e-02 -1.012291e-02 410 1
 933 7  9  1 -1.753339e-02 +6.748606e-03 410 1
 934 7  9  2 -1.461116e-02 +5.061455e-03 410 1
 935 7  9  3 -1.168893e-02 +3.374303e-03 410 1
 936 7  9  4 -8.766697e-03 +1.687152e-03 410 1
 937 7  9  5 -5.844465e-03 +4.584625e-12 410 1
 938 7  9  6 -2.922232e-03 -1.687152e-03 410 1
 939 7  9  7 +2.066165e-19 -3.374303e-03 410 1
 940 7  9  8 +2.922232e-03 -5.061455e-03 410 1
 941 7  9  9 +5.844465e-03 -6.748606e-03 410 1
 942 7  9 10 +8.766697e-03 -8.435758e-03 410 1
 943 7  9 11 +1.168893e-02 -1.012291e-02 410 1
 944 7  9 12 +1.461116e-02 -1.181006e-02 410 1
 945 7 10  1 -1.753339e-02 +3.374303e-03 410 1
 946 7 10  2 -1.461116e-02 +1.687152e-03 410 1
 947 7 10  3 -1.168893e-02 +9.169250e-12 410 1
 948 7 10  4 -8.766697e-03 -1.687152e-03 410 1
 949 7 10  5 -5.844465e-03 -3.374303e-03 410 1
 950 7 10  6 -2.922232e-03 -5.061455e-03 410 1
 951 7 10  7 -1.085259e-18 -6.748606e-03 410 1
 952 7 10  8 +2.922232e-03 -8.435758e-03 410 1
 953 7 10  9 +5.844465e-03 -1.012291e-02 410 1
 954 7 10 10 +8.766697e-03 -1.181006e-02 410 1
 955 7 10 11 +1.168893e-02 -1.349721e-02 410 1
 956 7 11  1 -1.753339e-02 +1.375387e-11 410 1
 957 7 11  2 -1.461116e-02 -1.687152e-03 410 1
 958 7 11  3 -1.168893e-02 -3.374303e-03 410 1
 959 7 11  4 -8.766697e-03 -5.061455e-03 410 1
 960 7 11  5 -5.844465e-03 -6.748606e-03 410 1
 961 7 11  6 -2.922232e-03 -8.435758e-03 410 1
 962 7 11  7 +6.198494e-19 -1.012291e-02 410 1
 963 7 11  8 +2.922232e-03 -1.181006e-02 410 1
 964 7 11  9 +5.844465e-03 -1.349721e-02 410 1
 965 7 11 10 +8.766697e-03 -1.518436e-02 410 1
 966 7 12  1 -1.753339e-02 -3.374303e-03 410 1
 967 7 12  2 -1.461116e-02 -5.061455e-03 410 1
 968 7 12  3 -1.168893e-02 -6.748606e-03 410 1
 969 7 12  4 -8.766697e-03 -8.435758e-03 410 1
 970 7 12  5 -5.844465e-03 -1.012291e-02 410 1
 971 7 12  6 -2.922232e-03 -1.181006e-02 410 1
 972 7 12  7 +8.264659e-19 -1.349721e-02 410 1
 973 7 12  8 +2.922232e-03 -1.518436e-02 410 1
 974 7 12  9 +5.844465e-03 -1.687152e-02 410 1
 975 7 13  1 -1.753339e-02 -6.748606e-03 410 1
 976 7 13  2 -1.461116e-02 -8.435758e-03 410 1
 977 7 13  3 -1.168893e-02 -1.012291e-02 410 1
 978 7 13  4 -8.766697e-03 -1.181006e-02 410 1
 979 7 13  5 -5.844465e-03 -1.349721e-02 410 1
 980 7 13  6 -2.922232e-03 -1.518436e-02 410 1
 981 7 13  7 -2.713147e-18 -1.687152e-02 410 1
 982 7 13  8 +2.922232e-03 -1.855867e-02 410 1
 983 7 14  1 -1.461116e-02 -1.181006e-02 410 1
 984 7 14  2 -1.168893e-02 -1.349721e-02 410 1
 985 7 14  3 -8.766697e-03 -1.518436e-02 410 1
 986 7 14  4 -5.844465e-03 -1.687152e-02 410 1
 987 7 14  5 -2.922232e-03 -1.855867e-02 410 1
